5037.500000
6500.000000
4300.000000
6900.000000
7337.500000
10529.540249
7354.834751
10604.387113
8756.591797
10345.165249
8600.000000
6362.500000
9400.000000
6162.500000
7000.000000
10700.000000
9262.308849
12837.691151
10600.000000
10303.662005
8862.308849
8300.000000
8605.908203
8803.662005
19062.308849
18409.570208
22367.258221
24901.199223
12146.723758
8919.497009
10676.603910
21171.081996
11917.487887
10457.043004
8117.487887
10482.959751
12671.875000
12100.000000
11671.875000
11126.833576
10604.285443
7966.759171
25524.286419
10914.626545
15258.725035
17832.758021
9300.000000
12156.647737
11229.923419
10866.220768
8729.923419
10719.497009
12100.000000
11796.337995
12386.571156
14157.382773
15751.119995
11400.000000
10258.725035
14536.380005
10051.119995
7500.000000
7700.000000
7587.500000
8746.312414
11651.964748
18173.791358
7483.892193
8751.964748
11266.150487
8326.208642
11396.728350
6848.035252
11000.000000
11733.812414
7338.062586