0.846689322
0.467871328
0.349274724
0.469960935
0.000947696
0.254118876
0.002593104
0.356147604
0.131481394
0.103747164
0.602497984
6.74608e-05
0.4114207
0.58343057
0
0
0.000662829
0.233514212
0.00125419
0.000590598
0.44049282
0.114252755
0.58251555
0.62336845
0.34943802
0.080818038
0.437865635
0.404352012
0.00183982
0.51496176
0.575101674
0.23503161
0.49562328
0.4585946
0.435626
0.531566268
0.350806566
0.349559469
0.113001536
0.461015492
0
0.002021396
0.391193064
0.230825715
0.233097969
6.84333e-06
0
0
0.18238285
0.092412042
0.147804576
0.141593476
0.002486492
0.14318995
0
0.701640676
0.286854987
0.090798822
0.0002742592
0.561679304
0.024439048
0
0.050682685
0.11813436
1.02875e-05
0.000429474
0.0002047257
3.38144e-07
0.063416674
5.822e-06
0
0.227956492
0.180599156
0.001463624
0.001105248
0.001187598
