105.001287923988556
103.003570125001957
105.000683760200118
106.812989716053522
103.005797255655565
103.086046988595626
103.005852233872673
103.088519781399185
101.017638500999439
122.753395469406115
101.016410244801435
104.640382995668290
104.585561720000001
105.789779422666740
105.403400999177734
107.829247209715348
102.875838425000225
101.027161121178651
107.577504959303255
103.341261248264189
123.224821554606280
109.490927737670972
104.411384666716501
122.852008364752109
103.584467198259532
103.378338363165966
122.772074517370868
115.381134443470529
126.510419312078326
119.215711453480424
125.140220588425763
119.067232163146357
136.265874117764156
115.686766893123490
103.008683935577125
123.718341725159661
102.025784785384857
102.021435888103682
119.573489985925505
119.263040872713475
117.720039950784710
107.108912829132592
116.459830693542969
119.398033497748159
102.542091987583404
107.359816677959316
112.654961752501791
126.587346390180073
107.377515917545566
102.041824942457083
118.209830472634522
106.294707858597903
112.875482004008205
101.019363721646869
102.070619666507326
103.080345561980806
102.615525090076503
110.356839283727567
113.610578609005358
103.089300741779340
112.777399043884557
109.344257814167861
107.972293633446881
109.550565330608720
103.346628370472587
116.562090953909774
107.781732854653669
107.544773860967524
103.352700319210712
118.465836868716067
107.902180854594803
119.195412708207783
101.991837424400174
116.074413000158756
116.975580121883084
102.307682126991622